Vec Object: exp_heat_z 2 MPI processes
  type: mpi
Process [0]
0.
0.00318284
0.00636253
0.00953595
0.0127
0.0158514
0.0189873
0.0221044
0.0251996
0.02827
0.0313125
0.0343242
0.0373019
0.0402428
0.043144
0.0460026
0.0488159
0.0515809
0.0542951
0.0569556
0.05956
0.0621056
0.0645899
0.0670104
0.0693648
0.0716508
0.073866
0.0760084
0.0780757
0.080066
0.0819773
0.0838077
0.0855553
0.0872186
0.0887957
0.0902853
0.0916857
0.0929956
0.0942138
0.095339
0.0963701
0.0973061
0.0981461
0.0988892
0.0995347
0.100082
0.100531
0.10088
0.10113
0.10128
0.10133
Process [1]
0.10128
0.10113
0.10088
0.100531
0.100082
0.0995347
0.0988892
0.0981461
0.0973061
0.0963701
0.095339
0.0942138
0.0929956
0.0916857
0.0902853
0.0887957
0.0872186
0.0855553
0.0838077
0.0819773
0.080066
0.0780757
0.0760084
0.073866
0.0716508
0.0693648
0.0670104
0.0645899
0.0621056
0.05956
0.0569556
0.0542951
0.0515809
0.0488159
0.0460026
0.043144
0.0402428
0.0373019
0.0343242
0.0313125
0.02827
0.0251996
0.0221044
0.0189873
0.0158514
0.0127
0.00953595
0.00636253
0.00318284
0.
